1 0.099762 0.099833 
2 0.198550 0.198669 
3 0.295375 0.295520 
4 0.389269 0.389418 
5 0.479291 0.479426 
6 0.564539 0.564642 
7 0.644158 0.644218 
8 0.717350 0.717356 
9 0.783379 0.783327 
10 0.841582 0.841471 
11 0.891377 0.891207 
12 0.932264 0.932039 
13 0.963834 0.963558 
14 0.985772 0.985450 
15 0.997860 0.997495 
16 0.999979 0.999574 
17 0.992108 0.991665 
18 0.974327 0.973848 
19 0.946815 0.946300 
20 0.909849 0.909297 
21 0.863798 0.863209 
22 0.809124 0.808496 
23 0.746373 0.745705 
24 0.676173 0.675463 
25 0.599224 0.598472 
26 0.516296 0.515501 
27 0.428215 0.427380 
28 0.335859 0.334988 
29 0.240151 0.239249 
30 0.142041 0.141120 
31 0.042509 0.041581 
32 -0.057454 -0.058374 
33 -0.156853 -0.157746 
34 -0.254696 -0.255541 
35 -0.350006 -0.350783 
36 -0.441829 -0.442520 
37 -0.529246 -0.529836 
38 -0.611380 -0.611858 
39 -0.687405 -0.687766 
40 -0.756558 -0.756802 
41 -0.818146 -0.818277 
42 -0.871549 -0.871576 
43 -0.916233 -0.916166 
44 -0.951752 -0.951602 
45 -0.977753 -0.977530 
46 -0.993977 -0.993691 
47 -1.000265 -0.999923 
48 -0.996556 -0.996165 
49 -0.982889 -0.982453 
50 -0.959402 -0.958924 
51 -0.926334 -0.925815 
52 -0.884014 -0.883455 
53 -0.832868 -0.832267 
54 -0.773406 -0.772764 
55 -0.706225 -0.705540 
56 -0.631995 -0.631267 
57 -0.551457 -0.550686 
58 -0.465416 -0.464602 
59 -0.374729 -0.373877 
60 -0.280301 -0.279415 
61 -0.183073 -0.182163 
62 -0.084014 -0.083089 
63 0.015891 0.016814 
64 0.115646 0.116549 
65 0.214255 0.215120 
66 0.310736 0.311541 
67 0.404123 0.404850 
68 0.493481 0.494113 
69 0.577916 0.578440 
70 0.656578 0.656987 
71 0.728678 0.728969 
72 0.793491 0.793668 
73 0.850368 0.850437 
74 0.898738 0.898708 
75 0.938117 0.938000 
76 0.968114 0.967920 
77 0.988429 0.988168 
78 0.998863 0.998543 
79 0.999313 0.998941 
80 0.989776 0.989358 
81 0.970351 0.969890 
82 0.941233 0.940731 
83 0.902714 0.902172 
84 0.855182 0.854599 
85 0.799112 0.798487 
86 0.735064 0.734397 
87 0.663679 0.662969 
88 0.585671 0.584917 
89 0.501817 0.501021 
90 0.412955 0.412118 
91 0.319971 0.319098 
92 0.223791 0.222890 
93 0.125375 0.124454 
94 0.025701 0.024775 
95 -0.074237 -0.075151 
96 -0.173443 -0.174327 
97 -0.270928 -0.271761 
98 -0.365717 -0.366479 
99 -0.456862 -0.457536 
